12
3
70
93
49
71
73
93
75
78
27
26
30
97
3
69
35
43
13
48
77
32
84
71
83
39
87
28
87
20
74
6
82
1
72
10
5
53
77
64
55
84
2
62
3
22
16
28
97
72
71
80
22
7
97
46
36
44
82
64
57
44
97
37
86
73
91
34
61
0
49
73
98
6
21
2
39
15
46
67
37
39
57
11
30
35
78
27
81
92
76
73
89
36
38
50
23
1
56
22
11
65
52
72
80
18
11
66
12
6
70
18
69
60
18
74
97
8
33
7
85
50
42
67
31
20
0
98
79
21
17
46
17
36
92
82
64
28
59
70
16
39
24
82
31
74
67
13
74
48
84
92
76
25
1
74
50
59
55
41
1
91
33
58
69
64
90
92
68
69
98
96
64
12
49
54
32
24
21
10
62
88
53
10
18
44
0
11
34
4
63
84
57
11
56
79
65
53
83
86
34
33
96
98
44
57
97
84
5
20
68
61
98
61
21
29
49
40
64
0
32
91
58
5
34
40
63
67
78
81
98
0
78
36
93
63
53
56
22
74
54
90
30
64
64
74
85
85
57
81
10
21
84
54
30
46
95
95
78
6
70
37
43
71
35
43
76
9
30
53
98
23
36
27
10
52
48
57
99
38
60
14
39
88
76
56
73
36
65
12
40
3
84
25
18
96
2
53
98
15
53
16
94
82
96
76
4
75
14
88
5
42
0
94
17
87
42
17
82
88
57
86
77
35
21
6
25
59
13
59
64
61
58
17
41
13
54
12
33
82
47
68
33
52
34
49
16
49
54
15
78
71
82
79
12
28
76
27
48
9
13
31
89
76
16
96
74
61
80
65
96
16
48
59
43
13
55
5
76
43
83
9
32
47
32
25
93
97
43
61
48
37
7
47
50
33
46
19
51
49
78
83
85
34
96
48
79
0
43
78
73
62
94
48
56
3
71
2
32
27
0
39
72
98
35
5
22
80
59
43
22
71
25
19
75
41
32
9
17
66
32
5
19
36
55
65
93
96
28
72
6
86
25
64
53
27
52
53
43
83
67
6
96
0
8
8
5
29
16
14
65
75
11
88
52
96
25
46
85
60
63
54
59
63
1
92
41
34
38
74
17
96
76
5
51
37
42
77
23
10
44
68
13
74
39
48
1
33
0
98
35
58
89
36
57
87
47
11
57
61
43
42
88
90
38
5
12
4
53
86
43
40
11
66
88
3
100
14
20
29
77
91
90
90
1
97
18
30
71
95
99
76
16
70
31
68
97
75
19
21
6
88
14
20
8
55
96
60
89
36
11
37
57
56
25
7
67
63
83
40
41
69
2
15
14
15
50
10
44
6
58
46
11
86
24
72
59
91
78
77
88
57
32
88
78
39
6
17
63
56
27
94
6
33
97
54
83
62
40
10
61
53
40
47
71
3
98
46
2
0
4
100
30
67
3
71
66
55
24
81
49
62
67
30
75
33
21
78
4
40
76
67
34
35
69
61
46
59
67
68
60
71
32
24
35
94
55
93
55
18
60
50
43
84
82
93
45
49
20
68
19
72
100
69
98
77
15
33
23
16
32
39
96
13
3
59
32
42
68
93
22
29
9
37
0
93
2
11
51
24
52
58
5
59
17
19
5
84
57
64
58
78
42
78
81
97
23
37
80
68
89
13
83
30
27
0
20
63
28
33
86
42
21
92
97
9
88
11
45
62
71
4
18
80
12
5
77
91
22
14
89
16
58
13
54
49
84
71
52
94
62
10
36
27
59
55
54
53
19
0
65
32
3
4
98
94
10
44
80
7
62
43
68
71
97
85
1
56
37
88
91
43
18
70
20
50
86
38
51
10
2
86
33
30
51
66
73
98
54
52
2
43
35
88
25
36
6
36
24
50
72
85
70
38
6
24
19
63
38
34
43
53
49
13
96
17
21
99
77
78
99
16
79
79
22
34
95
91
81
20
71
87
78
23
77
9
56
6
4
18
66
83
99
30
21
46
1
56
26
54
55
97
65
99
61
54
73
54
79
11
81
39
50
47
88
74
39
66
95
81
24
85
21
83
10
39
93
36
3
20
91
94
48
81
11
80
79
64
99
40
5
4
5
54
90
14
64
58
30
66
24
86
60
42
3
24
31
0
100
96
79
60
99
75
40
51
47
84
66
33
54
24
74
88
1
71
36
88
56
53
14
49
89
34
98
100
37
66
92
98
75
83
74
77
80
6
9
19
33
98
3
39
67
49
95
69
27
99
16
31
86
74
73
86
96
70
43
65
94
50
